0.05
[[0, 0.8333333333333333, 0.8333333333333333], 
[1, 0.9090909090909092, 0.9090909090909092], 
[2, 0.9375, 0.9375], 
[3, 0.9523809523809523, 0.9523809523809523], 
[4, 1.1538461538461537, 0.8064516129032259], 
[5, 1.1290322580645162, 0.8333333333333333], 
[6, 1.111111111111111, 0.8536585365853658], 
[7, 1.053658536585366, 0.9049773755656108]]

0.1
[[0, 1.6666666666666665, 0.4545454545454546], 
[1, 0.9090909090909092, 0.9090909090909092], 
[2, 0.9375, 0.9375], 
[3, 0.9523809523809523, 0.9523809523809523], 
[4, 1.1538461538461537, 0.8064516129032259], 
[5, 1.1290322580645162, 0.8333333333333333], 
[6, 1.111111111111111, 0.8536585365853658], 
[7, 1.053658536585366, 0.9049773755656108]]

0.15
[[0, 2.4999999999999996, 0.3125], 
[1, 0.9090909090909092, 0.9090909090909092], 
[2, 0.9375, 0.9375], 
[3, 0.9523809523809523, 0.9523809523809523], 
[4, 1.1538461538461537, 0.8064516129032259], 
[5, 1.1290322580645162, 0.8333333333333333], 
[6, 1.111111111111111, 0.8536585365853658], 
[7, 1.053658536585366, 0.9049773755656108]]

0.2
[[0, 3.333333333333333, 0.23809523809523808], 
[1, 0.9090909090909092, 0.9090909090909092], 
[2, 0.9375, 0.9375], 
[3, 0.9523809523809523, 0.9523809523809523], 
[4, 1.1538461538461537, 0.8064516129032259], 
[5, 1.1290322580645162, 0.8333333333333333], 
[6, 1.111111111111111, 0.8536585365853658], 
[7, 1.053658536585366, 0.9049773755656108]]

0.25
[[0, 4.166666666666666, 0.19230769230769232], 
[1, 0.9090909090909092, 0.9090909090909092], 
[2, 0.9375, 0.9375], 
[3, 0.9523809523809523, 0.9523809523809523], 
[4, 1.1538461538461537, 0.8064516129032259], 
[5, 1.1290322580645162, 0.8333333333333333],
[6, 1.111111111111111, 0.8536585365853658], 
[7, 1.053658536585366, 0.9049773755656108]]

0.3

[[0, 4.999999999999999, 0.16129032258064518], 
[1, 0.9090909090909092, 0.9090909090909092], 
[2, 0.9375, 0.9375], 
[3, 0.9523809523809523, 0.9523809523809523], 
[4, 1.1538461538461537, 0.8064516129032259], 
[5, 1.1290322580645162, 0.8333333333333333], 
[6, 1.111111111111111, 0.8536585365853658], 
[7, 1.053658536585366, 0.9049773755656108]]

0.35
[[0, 5.833333333333332, 0.1388888888888889], 
[1, 0.9090909090909092, 0.9090909090909092], 
[2, 0.9375, 0.9375], 
[3, 0.9523809523809523, 0.9523809523809523], 
[4, 1.1538461538461537, 0.8064516129032259], 
[5, 1.1290322580645162, 0.8333333333333333], 
[6, 1.111111111111111, 0.8536585365853658], 
[7, 1.053658536585366, 0.9049773755656108]]

0.4
[[0, 6.666666666666666, 0.12195121951219512], 
[1, 0.9090909090909092, 0.9090909090909092], 
[2, 0.9375, 0.9375], 
[3, 0.9523809523809523, 0.9523809523809523], 
[4, 1.1538461538461537, 0.8064516129032259], 
[5, 1.1290322580645162, 0.8333333333333333], 
[6, 1.111111111111111, 0.8536585365853658], 
[7, 1.053658536585366, 0.9049773755656108]]



